POINT,TIME,V_GATE,I_CH0,I_CH1,I_CH2,I_CH3,I_CH4,I_CH5,I_CH6,I_CH7,I_CH8,I_CH9,I_CH10,I_CH11,I_CH12,I_CH13,I_CH14,I_CH15
0,0.0,-0.5,8.1145838e-05,8.1141661e-05,8.1129168e-05,8.1141661e-05,8.1141661e-05,8.1145838e-05,8.1141661e-05,8.1124999e-05,8.1124999e-05,8.1141661e-05,8.1124999e-05,8.1124999e-05,8.1145838e-05,8.1129168e-05,8.1124999e-05,8.1141661e-05
1,0.41,-0.49,8.1145838e-05,8.1145838e-05,8.1145838e-05,8.113333e-05,8.1141661e-05,8.1141661e-05,8.1124999e-05,8.1141661e-05,8.1124999e-05,8.1145838e-05,8.1141661e-05,8.1141661e-05,8.1124999e-05,8.1141661e-05,8.1141661e-05,8.1141661e-05
2,0.821,-0.48,8.11625e-05,8.1141661e-05,8.1141661e-05,8.1124999e-05,8.1141661e-05,8.1145838e-05,8.1141661e-05,8.1145838e-05,8.113333e-05,8.1124999e-05,8.1141661e-05,8.1145838e-05,8.1141661e-05,8.1124999e-05,8.1145838e-05,8.1141661e-05
3,1.231,-0.47,8.11625e-05,8.1141661e-05,8.1145838e-05,8.1145838e-05,8.1129168e-05,8.1141661e-05,8.1124999e-05,8.1124999e-05,8.1124999e-05,8.1124999e-05,8.1141661e-05,8.1124999e-05,8.1141661e-05,8.113333e-05,8.1129168e-05,8.1141661e-05
4,1.642,-0.46,8.1154161e-05,8.1141661e-05,8.1124999e-05,8.1145838e-05,8.1129168e-05,8.1141661e-05,8.1141661e-05,8.1141661e-05,8.1129168e-05,8.1124999e-05,8.1141661e-05,8.1141661e-05,8.1141661e-05,8.1145838e-05,8.1141661e-05,8.1141661e-05
5,2.053,-0.45,8.1145838e-05,8.1145838e-05,8.1141661e-05,8.1141661e-05,8.1124999e-05,8.1145838e-05,8.1141661e-05,8.1141661e-05,8.1141661e-05,8.1141661e-05,8.1124999e-05,8.1124999e-05,8.1141661e-05,8.1141661e-05,8.1141661e-05,8.1129168e-05
6,2.463,-0.44,8.1158338e-05,8.1141661e-05,8.1145838e-05,8.113333e-05,8.1141661e-05,8.1124999e-05,8.1141661e-05,8.1141661e-05,8.1141661e-05,8.1141661e-05,8.1141661e-05,8.1129168e-05,8.1145838e-05,8.1141661e-05,8.1145838e-05,8.1124999e-05
7,2.874,-0.43,8.1145838e-05,8.1129168e-05,8.1145838e-05,8.1141661e-05,8.1124999e-05,8.113333e-05,8.113333e-05,8.1141661e-05,8.1124999e-05,8.1141661e-05,8.1129168e-05,8.1141661e-05,8.1141661e-05,8.1145838e-05,8.1129168e-05,8.1129168e-05
8,3.284,-0.42,8.1158338e-05,8.1141661e-05,8.1124999e-05,8.113333e-05,8.113333e-05,8.113333e-05,8.1145838e-05,8.1141661e-05,8.1145838e-05,8.1145838e-05,8.1141661e-05,8.113333e-05,8.113333e-05,8.113333e-05,8.113333e-05,8.1124999e-05
9,3.695,-0.41,8.1158338e-05,8.1141661e-05,8.1129168e-05,8.1145838e-05,8.1141661e-05,8.1141661e-05,8.1145838e-05,8.1145838e-05,8.1141661e-05,8.1124999e-05,8.1141661e-05,8.1129168e-05,8.1124999e-05,8.1124999e-05,8.1124999e-05,8.1141661e-05
10,4.106,-0.4,8.1145838e-05,8.1129168e-05,8.1141661e-05,8.1141661e-05,8.1145838e-05,8.1129168e-05,8.1124999e-05,8.1141661e-05,8.1124999e-05,8.1141661e-05,8.1141661e-05,8.1124999e-05,8.1141661e-05,8.113333e-05,8.1145838e-05,8.1124999e-05
11,4.516,-0.39,8.11625e-05,8.1129168e-05,8.1124999e-05,8.1145838e-05,8.1129168e-05,8.1129168e-05,8.1124999e-05,8.1129168e-05,8.1129168e-05,8.1141661e-05,8.1129168e-05,8.1141661e-05,8.1124999e-05,8.1141661e-05,8.1141661e-05,8.1124999e-05
12,4.927,-0.38,8.11625e-05,8.1145838e-05,8.1141661e-05,8.1141661e-05,8.1141661e-05,8.1124999e-05,8.1141661e-05,8.1141661e-05,8.1129168e-05,8.1145838e-05,8.113333e-05,8.1124999e-05,8.1124999e-05,8.1141661e-05,8.1129168e-05,8.1141661e-05
13,5.337,-0.37,8.11625e-05,8.1141661e-05,8.1141661e-05,8.1141661e-05,8.1141661e-05,8.1141661e-05,8.1129168e-05,8.1141661e-05,8.1141661e-05,8.1141661e-05,8.1141661e-05,8.1145838e-05,8.1145838e-05,8.1129168e-05,8.1141661e-05,8.1141661e-05
14,5.748,-0.36,8.1145838e-05,8.1145838e-05,8.1141661e-05,8.1141661e-05,8.1141661e-05,8.1124999e-05,8.1124999e-05,8.1124999e-05,8.1145838e-05,8.1129168e-05,8.1141661e-05,8.1129168e-05,8.1141661e-05,8.1141661e-05,8.1124999e-05,8.1124999e-05
15,6.158,-0.35,8.1158338e-05,8.1141661e-05,8.1141661e-05,8.1145838e-05,8.1124999e-05,8.113333e-05,8.1145838e-05,8.1124999e-05,8.1124999e-05,8.1124999e-05,8.1124999e-05,8.1129168e-05,8.1141661e-05,8.1124999e-05,8.1124999e-05,8.1141661e-05
16,6.569,-0.34,8.1145838e-05,8.1124999e-05,8.1129168e-05,8.1124999e-05,8.1141661e-05,8.1141661e-05,8.1141661e-05,8.113333e-05,8.1129168e-05,8.1129168e-05,8.1141661e-05,8.1141661e-05,8.1141661e-05,8.1141661e-05,8.1141661e-05,8.1124999e-05
17,6.98,-0.33,8.11625e-05,8.1129168e-05,8.1141661e-05,8.1129168e-05,8.113333e-05,8.1124999e-05,8.1141661e-05,8.1124999e-05,8.1141661e-05,8.1129168e-05,8.1124999e-05,8.1141661e-05,8.1129168e-05,8.113333e-05,8.1141661e-05,8.113333e-05
18,7.39,-0.32,8.1145838e-05,8.1145838e-05,8.1141661e-05,8.1124999e-05,8.1145838e-05,8.1145838e-05,8.1129168e-05,8.1124999e-05,8.1141661e-05,8.1124999e-05,8.1145838e-05,8.1124999e-05,8.113333e-05,8.1145838e-05,8.1129168e-05,8.1141661e-05
19,7.801,-0.31,8.1158338e-05,8.1124999e-05,8.1129168e-05,8.1141661e-05,8.1141661e-05,8.1141661e-05,8.1145838e-05,8.1129168e-05,8.1129168e-05,8.1124999e-05,8.1124999e-05,8.1129168e-05,8.1141661e-05,8.1129168e-05,8.1129168e-05,8.1129168e-05
20,8.211,-0.3,8.1158338e-05,8.113333e-05,8.1141661e-05,8.1141661e-05,8.1141661e-05,8.1129168e-05,8.1141661e-05,8.1141661e-05,8.1145838e-05,8.1141661e-05,8.1129168e-05,8.1129168e-05,8.1124999e-05,8.1141661e-05,8.1129168e-05,8.1129168e-05
21,8.622,-0.29,8.1145838e-05,8.1129168e-05,8.1141661e-05,8.1141661e-05,8.1129168e-05,8.1129168e-05,8.1141661e-05,8.1141661e-05,8.1141661e-05,8.1129168e-05,8.1141661e-05,8.1141661e-05,8.1141661e-05,8.1141661e-05,8.1141661e-05,8.1129168e-05
22,9.033,-0.28,8.1145838e-05,8.1129168e-05,8.1124999e-05,8.1129168e-05,8.113333e-05,8.1141661e-05,8.1124999e-05,8.1124999e-05,8.1141661e-05,8.1145838e-05,8.1124999e-05,8.1141661e-05,8.1124999e-05,8.1145838e-05,8.1124999e-05,8.1129168e-05
23,9.443,-0.27,8.11625e-05,8.1124999e-05,8.1141661e-05,8.1124999e-05,8.1141661e-05,8.1124999e-05,8.1141661e-05,8.1141661e-05,8.1129168e-05,8.1145838e-05,8.1129168e-05,8.1124999e-05,8.1124999e-05,8.1124999e-05,8.1141661e-05,8.113333e-05
24,9.854,-0.26,8.1158338e-05,8.1141661e-05,8.1141661e-05,8.1129168e-05,8.1141661e-05,8.1141661e-05,8.1145838e-05,8.1124999e-05,8.1124999e-05,8.1141661e-05,8.1145838e-05,8.1141661e-05,8.1145838e-05,8.1141661e-05,8.113333e-05,8.1141661e-05
